00002575.jpg,553,71,752,275
00002576.jpg,553,71,752,275
00002577.jpg,553,71,752,275
00002578.jpg,553,71,752,275
00002579.jpg,547,65,746,269
00002580.jpg,544,58,743,262
00002581.jpg,545,53,744,257
00002582.jpg,548,50,747,254
00002583.jpg,550,47,749,251
00002584.jpg,553,46,752,250
00002585.jpg,554,45,753,249
00002586.jpg,555,46,754,250
00002587.jpg,556,45,755,249
00002588.jpg,556,45,755,249
00002589.jpg,555,45,754,249
00002590.jpg,555,46,754,250
00002591.jpg,555,47,754,251
00002592.jpg,555,48,754,252
00002593.jpg,556,49,755,253
00002594.jpg,556,49,755,253
00002595.jpg,556,48,755,252
00002596.jpg,556,47,755,251
00002597.jpg,555,46,754,250
00002598.jpg,555,45,754,249
00002599.jpg,555,45,754,249
00002600.jpg,555,46,754,250
