00002575.jpg,1093,33,1347,299
00002576.jpg,1093,33,1347,299
00002577.jpg,1093,33,1347,299
00002578.jpg,1093,33,1347,299
00002579.jpg,1093,32,1347,298
00002580.jpg,1093,32,1347,298
00002581.jpg,1093,31,1347,297
00002582.jpg,1091,32,1345,298
00002583.jpg,1090,32,1344,298
00002584.jpg,1088,31,1342,297
00002585.jpg,1086,31,1340,297
00002586.jpg,1084,31,1338,297
00002587.jpg,1082,30,1336,296
00002588.jpg,1081,29,1335,295
00002589.jpg,1079,30,1333,296
00002590.jpg,1077,31,1331,297
00002591.jpg,1075,33,1329,299
00002592.jpg,1075,34,1329,300
00002593.jpg,1074,34,1328,300
00002594.jpg,1074,34,1328,300
00002595.jpg,1073,33,1327,299
00002596.jpg,1072,32,1326,298
00002597.jpg,1071,32,1325,298
00002598.jpg,1070,32,1324,298
00002599.jpg,1069,32,1323,298
00002600.jpg,1068,33,1322,299
