00002575.jpg,553,71,752,275
00002576.jpg,553,71,752,275
00002577.jpg,553,71,752,275
00002578.jpg,553,71,752,275
00002579.jpg,547,65,746,269
00002580.jpg,544,58,743,262
00002581.jpg,545,53,744,257
00002582.jpg,548,50,747,254
00002583.jpg,550,47,749,251
00002584.jpg,553,46,752,250
00002585.jpg,554,45,753,249
00002586.jpg,555,46,754,250
00002587.jpg,556,45,755,249
00002588.jpg,556,45,755,249
00002589.jpg,555,45,754,249
00002590.jpg,555,46,754,250
00002591.jpg,555,47,754,251
00002592.jpg,555,48,754,252
00002593.jpg,556,49,755,253
00002594.jpg,556,49,755,253
00002595.jpg,556,48,755,252
00002596.jpg,556,47,755,251
00002597.jpg,555,46,754,250
00002598.jpg,555,45,754,249
00002599.jpg,555,45,754,249
00002600.jpg,555,46,754,250
00002601.jpg,556,47,755,251
00002602.jpg,557,49,756,253
00002603.jpg,559,52,758,256
00002604.jpg,561,55,760,259
00002605.jpg,563,56,762,260
00002606.jpg,566,56,765,260
00002607.jpg,568,57,767,261
00002608.jpg,571,58,770,262
00002609.jpg,574,60,773,264
00002610.jpg,578,60,777,264
00002611.jpg,580,60,779,264
00002612.jpg,582,62,781,266
00002613.jpg,583,63,782,267
00002614.jpg,584,64,783,268
00002615.jpg,583,63,782,267
00002616.jpg,583,60,782,264
00002617.jpg,581,56,780,260
00002618.jpg,578,55,777,259
00002619.jpg,577,55,776,259
00002620.jpg,578,56,777,260
00002621.jpg,581,57,780,261
00002622.jpg,582,58,781,262
00002623.jpg,583,59,782,263
00002624.jpg,583,60,782,264
00002625.jpg,584,60,783,264
00002626.jpg,590,60,789,264
00002627.jpg,591,62,790,266
00002628.jpg,592,64,791,268
00002629.jpg,593,66,792,270
00002630.jpg,594,68,793,272
00002631.jpg,595,69,794,273
00002632.jpg,594,70,793,274
00002633.jpg,594,71,793,275
00002634.jpg,592,73,791,277
00002635.jpg,590,76,789,280
00002636.jpg,588,78,787,282
00002637.jpg,586,81,785,285
00002638.jpg,582,84,781,288
00002639.jpg,579,87,778,291
00002640.jpg,578,88,777,292
00002641.jpg,573,83,765,287
00002642.jpg,573,83,765,287
00002643.jpg,572,85,764,289
00002644.jpg,570,86,762,290
00002645.jpg,568,87,760,291
00002646.jpg,565,89,757,293
00002647.jpg,563,91,755,295
00002648.jpg,562,94,754,298
00002649.jpg,562,96,754,300
00002650.jpg,562,99,754,303
00002651.jpg,562,100,754,304
00002652.jpg,562,101,754,305
00002653.jpg,561,101,753,305
00002654.jpg,560,101,752,305
00002655.jpg,559,100,751,304
00002656.jpg,558,98,750,302
00002657.jpg,557,97,749,301
00002658.jpg,557,96,749,300
00002659.jpg,557,95,749,299
00002660.jpg,558,94,750,298
00002661.jpg,560,95,747,298
00002662.jpg,560,95,747,298
00002663.jpg,560,92,747,295
00002664.jpg,560,89,747,292
00002665.jpg,560,87,747,290
00002666.jpg,561,85,748,288
00002667.jpg,563,83,750,286
00002668.jpg,564,81,751,284
00002669.jpg,564,79,751,282
00002670.jpg,563,77,750,280
00002671.jpg,563,75,750,278
00002672.jpg,562,73,749,276
00002673.jpg,560,72,747,275
00002674.jpg,559,74,746,277
00002675.jpg,559,74,746,277
coffee-1.jpg,400,140,730,543
coffee-2.jpg,434,135,752,544
coffee-4.jpg,489,132,793,546
coffee-5.jpg,817,112,1117,565
coffee-9.jpg,695,123,1007,582
coffee-6.jpg,979,126,1300,514
coffee-11.jpg,867,121,1290,518
front-3.jpg,646,55,1063,652
front-7.jpg,729,105,1056,571
front-8.jpg,346,181,566,471
side-10.jpg,817,118,1207,531
mac-15.jpg,285,160,554,482
mac-14.jpg,307,177,571,484
mac-16.jpg,438,168,660,482
mac-18.jpg,684,156,909,501
mac-12.jpg,700,179,888,472
mac-13.jpg,699,192,911,478
mac-17.jpg,790,133,1098,521
mac-19.jpg,756,150,1026,513
pad-20.jpg,829,144,1111,553
pad-21.jpg,512,149,827,533
pad-22.jpg,534,147,837,531
pad-23.jpg,514,150,838,529
pad-24.jpg,620,148,904,540
pad-25.jpg,596,149,888,533
pad-27.jpg,812,136,1102,561
pad-26.jpg,795,144,1087,552
28.jpg,955,158,1229,494
29.jpg,820,173,1072,490
30.jpg,900,153,1163,494
31.jpg,659,199,937,553
32.jpg,535,0,741,239
33.jpg,436,0,680,321
34.jpg,718,0,939,223
35.jpg,708,0,952,325
36.jpg,607,0,832,225
37.jpg,443,44,692,393
38.jpg,455,0,696,335
39.jpg,465,0,703,300
40.jpg,451,0,687,289
41.jpg,622,0,884,307
42.jpg,640,0,900,318
43.jpg,649,0,908,274
